1415926535
2129021960
2978049951
8301194912
3105118548
4564856692
3460348610
597317328
1159562863
4881520920
4543266482
744623799
1468440901
8979323846
7577896091
8410270193
9375195778
9550031194
8193261179
4157424218
5024459455
7245870066
3305727036
5359408128
4999999837
8628034825
6892589235
1050792279
2643383279
9833673362
4406566430
4882046652
7669405132
921861173
938446095
2931767523
5923078164
113305305
4654958537
6094370277
7363717872
4252230825
2858849455
7892590360
4428810975
5982534904
539217176
8640344181
3344685035
9628292540
5759591953
6446229489
8823537875
4771309960
8912279381
2712019091
631558817
8521105559
1609631859
4811174502
2875546873
3421170679
8903894223
5875332083
2249534301
7101000313
3786783165
1885752724
1907021798
3469083026
8602139494
8142061717
6939937510
8467481846
6395224737
4526356082
5058223172
3282306647
6274956735
628620899
5028841971
5493038196
9415116094
4201995611
5820974944
7838752886
5681271
249141273
9171536436
7785771342
2847564823
2619311881
5187072113
6659334461
7669147303
1384146951
5981362977
1339360726
8214808651
6252505467