5681271
113305305
249141273
539217176
597317328
628620899
631558817
744623799
921861173
938446095
1050792279
1159562863
1339360726
1384146951
1415926535
1468440901
1609631859
1885752724
1907021798
2129021960
2249534301
2619311881
2643383279
2712019091
2847564823
2858849455
2875546873
2931767523
2978049951
3105118548
3282306647
3305727036
3344685035
3421170679
3460348610
3469083026
3786783165
4157424218
4201995611
4252230825
4406566430
4428810975
4526356082
4543266482
4564856692
4654958537
4771309960
4811174502
4881520920
4882046652
4999999837
5024459455
5028841971
5058223172
5187072113
5359408128
5493038196
5759591953
5820974944
5875332083
5923078164
5981362977
5982534904
6094370277
6252505467
6274956735
6395224737
6446229489
6659334461
6892589235
6939937510
7101000313
7245870066
7363717872
7577896091
7669147303
7669405132
7785771342
7838752886
7892590360
8142061717
8193261179
8214808651
8301194912
8410270193
8467481846
8521105559
8602139494
8628034825
8640344181
8823537875
8903894223
8912279381
8979323846
9171536436
9375195778
9415116094
9550031194
9628292540
9833673362
