updated 1<>3<>3
set 3,3
1 0 0 0 0 
0 0 0 0 0 
1 0 1 0 0 
0 0 0 0 0 
0 0 0 0 0 
updated 1<>2<>1
set 5,4
2 0 0 0 0 
1 0 0 0 0 
1 0 1 0 0 
0 0 0 0 0 
1 1 0 1 0 
updated 2<>3<>1
set 3,4
3 0 0 0 0 
1 0 0 0 0 
2 1 1 1 0 
0 0 0 0 0 
1 1 0 1 0 
updated 2<>2<>2
set 5,5
4 0 0 0 0 
2 0 0 0 0 
2 1 1 1 0 
0 0 0 0 0 
2 2 0 1 1 
updated 3<>3<>2
set 3,5
5 0 0 0 0 
2 0 0 0 0 
3 2 1 1 1 
0 0 0 0 0 
2 2 0 1 1 
updated 5<>2<>3
set 5,3
6 0 0 0 0 
3 0 0 0 0 
3 2 1 1 1 
0 0 0 0 0 
3 2 1 1 1 
updated 6<>1<>3
set 4,3
7 0 0 0 0 
4 0 0 0 0 
3 2 1 1 1 
1 0 1 0 0 
3 2 1 1 1 
updated 7<>1<>2
set 4,5
8 0 0 0 0 
5 0 0 0 0 
3 2 1 1 1 
2 1 1 0 1 
3 2 1 1 1 
12
